# Tunnel-lining atoms (atoms wihtin the 3.0 A distnace from individual tunnels)
== Tunnel cluster 1 ==
765 766 773 774 775 776 777 778 779 780 781 782 783 784 785 786 787 788 789 790 791 792 794 795 803 804 805 808 809 810 811 982 983 984 985 987 988 989 993 996 997 998 1014 1015 1016 1017 1108 1109 1110 1111 1112 1113 1176 1178 1187 1188 1189 1190 1195 1196 1197 1198 1818 1820 1822 1823 1846 1848 1849 1850 2068 2070 2071 2072 2073 2074 2075 2076 2103 2104 2105 2106 2107 2108 2109 2339 2340 
== Tunnel cluster 2 ==
238 239 240 241 242 243 244 245 246 247 248 249 250 253 254 255 765 766 773 774 775 776 777 778 779 780 781 782 783 784 785 786 787 788 789 790 791 792 794 795 803 804 805 808 809 810 811 982 983 984 987 988 989 1017 1111 1112 1113 1180 1181 1183 1184 1185 1186 1187 1188 1189 1190 1196 1197 1198 1223 1224 1225 1226 1302 1304 1356 1382 1383 1384 1385 1386 1388 1389 1390 1391 1392 1393 1394 1395 1408 1409 1410 1412 1413 1414 1415 1431 1442 1446 1451 1452 1453 1454 1455 1456 1457 1458 1468 1469 1470 1471 1513 1514 1515 1516 1517 1518 1519 1540 1541 1542 1543 1818 1820 1821 1822 1823 1848 1850 2060 2063 2064 2066 2067 2068 2069 2070 2071 2074 2075 2076 2106 2107 2108 2109 2335 2336 2337 2338 2339 2340 2347 2348 2349 2350 2351 
== Tunnel cluster 3 ==
238 239 240 241 242 243 244 245 246 247 248 249 250 253 254 255 765 766 773 774 775 776 777 778 779 780 781 782 783 784 785 786 787 788 789 790 791 792 794 795 803 804 805 808 809 810 811 982 983 984 987 988 989 1017 1111 1112 1113 1183 1184 1185 1186 1187 1188 1189 1190 1196 1197 1198 1225 1226 1383 1384 1388 1389 1390 1391 1392 1393 1394 1395 1396 1397 1398 1401 1402 1403 1404 1405 1406 1407 1408 1409 1410 1411 1412 1413 1414 1415 1416 1417 1418 1420 1421 1422 1423 1424 1425 1426 1427 1429 1430 1455 1456 1457 1517 1519 1584 1590 1591 1592 1594 1595 1596 1608 1609 1610 1611 1612 1613 1614 1615 1616 1818 1820 1821 1822 1823 1848 1850 2060 2062 2063 2064 2066 2067 2068 2069 2070 2071 2074 2075 2076 2106 2107 2108 2109 2322 2325 2326 2327 2328 2329 2330 2331 2332 2333 2334 2335 2336 2337 2338 2339 2340 2341 2342 2343 2344 2345 2346 2347 2348 2349 2350 2351 2352 2381 2382 2383 2384 2385 
== Tunnel cluster 4 ==
238 239 240 241 242 243 244 245 246 247 248 249 250 253 254 255 765 766 773 774 775 776 777 778 779 780 781 782 783 784 785 786 787 788 789 790 791 792 794 795 803 804 805 808 809 810 811 982 983 984 987 988 989 1017 1111 1112 1113 1180 1181 1183 1184 1185 1186 1187 1188 1189 1190 1196 1197 1198 1223 1224 1225 1226 1300 1302 1304 1317 1318 1320 1321 1322 1323 1324 1327 1344 1345 1346 1347 1348 1349 1350 1351 1352 1353 1354 1355 1356 1357 1358 1359 1360 1361 1381 1382 1383 1384 1385 1386 1387 1388 1389 1390 1391 1392 1393 1394 1395 1408 1409 1410 1411 1412 1413 1414 1415 1451 1452 1453 1454 1455 1456 1457 1469 1470 1471 1507 1509 1510 1511 1512 1513 1514 1515 1516 1517 1518 1519 1520 1521 1522 1523 1524 1531 1533 1536 1537 1538 1539 1540 1541 1542 1543 1544 1545 1546 1547 1548 1551 1552 1553 1555 1556 1557 1818 1820 1821 1822 1823 1848 1850 2060 2063 2064 2066 2067 2068 2069 2070 2071 2074 2075 2076 2106 2107 2108 2109 2335 2336 2337 2338 2339 2340 2347 2348 2349 2350 2351 
== Tunnel cluster 5 ==
765 766 773 774 775 776 777 778 779 780 781 782 783 784 785 786 787 788 789 790 791 792 793 794 795 801 802 803 804 805 806 807 808 809 810 811 812 813 825 826 827 828 829 830 831 832 833 834 835 839 840 843 844 845 846 847 848 849 850 872 873 874 875 884 982 983 984 985 987 988 989 992 993 996 997 998 999 1000 1001 1002 1003 1004 1005 1006 1007 1008 1009 1010 1011 1012 1013 1014 1015 1016 1017 1018 1019 1020 1021 1022 1023 1024 1025 1026 1027 1028 1029 1030 1031 1032 1036 1075 1076 1077 1078 1079 1080 1081 1108 1109 1110 1111 1112 1113 1176 1178 1187 1188 1189 1190 1195 1196 1197 1198 1818 1820 1822 1823 1845 1846 1847 1848 1849 1850 1872 1906 1907 1908 1909 1910 1911 1924 1925 1926 1927 1928 1929 1930 1931 1938 1939 1940 1941 1942 1943 1944 1945 1946 1947 1948 1949 1950 1951 1952 1953 1954 1955 1970 2068 2070 2071 2072 2073 2074 2075 2076 2104 2105 2106 2107 2108 2109 2220 2223 2224 2225 2226 2339 2340 
== Tunnel cluster 6 ==
765 766 773 774 775 776 777 778 779 780 781 782 783 784 785 786 787 788 789 790 791 792 793 794 795 803 804 805 806 807 808 809 810 811 829 830 831 844 845 846 847 848 849 850 982 983 984 985 987 988 989 992 993 996 997 998 1000 1001 1004 1006 1008 1010 1011 1012 1013 1014 1015 1016 1017 1018 1019 1020 1021 1072 1073 1074 1075 1076 1077 1078 1079 1080 1081 1108 1109 1110 1111 1112 1113 1176 1178 1187 1188 1189 1190 1195 1196 1197 1198 1818 1820 1822 1823 1845 1846 1847 1848 1849 1850 1872 2068 2070 2071 2072 2073 2074 2075 2076 2104 2105 2106 2107 2108 2109 2339 2340 
== Tunnel cluster 7 ==
238 239 240 241 242 243 244 245 246 247 248 249 250 251 252 253 254 255 765 766 773 774 775 776 777 778 779 780 781 782 783 784 785 786 787 788 789 790 791 792 794 795 803 804 805 808 809 810 811 982 983 984 987 988 989 1017 1111 1112 1113 1180 1181 1183 1184 1185 1186 1187 1188 1189 1190 1196 1197 1198 1223 1224 1225 1226 1271 1294 1295 1296 1297 1298 1299 1300 1301 1302 1303 1304 1305 1306 1307 1308 1309 1310 1316 1317 1318 1319 1320 1321 1322 1324 1325 1326 1327 1332 1333 1334 1335 1336 1337 1338 1339 1340 1341 1342 1346 1353 1354 1355 1356 1357 1358 1359 1360 1361 1362 1363 1364 1365 1366 1367 1368 1369 1370 1371 1383 1384 1386 1388 1389 1390 1391 1392 1393 1394 1395 1409 1412 1413 1414 1415 1451 1452 1453 1454 1455 1456 1457 1470 1513 1514 1515 1516 1517 1518 1519 1699 1702 1719 1720 1721 1722 1723 1724 1725 1726 1727 1728 1729 1761 1762 1763 1764 1765 1766 1767 1818 1820 1821 1822 1823 1848 1850 2060 2063 2064 2066 2067 2068 2069 2070 2071 2074 2075 2076 2106 2107 2108 2109 2335 2336 2337 2338 2339 2340 2347 2348 2349 2350 2351 
== Tunnel cluster 8 ==
238 239 240 241 242 243 244 245 246 247 248 249 250 253 254 255 765 766 773 774 775 776 777 778 779 780 781 782 783 784 785 786 787 788 789 790 791 792 794 795 803 804 805 808 809 810 811 982 983 984 987 988 989 1017 1111 1112 1113 1161 1162 1163 1168 1169 1170 1171 1179 1180 1181 1182 1183 1184 1185 1186 1187 1188 1189 1190 1191 1196 1197 1198 1205 1206 1207 1208 1209 1210 1211 1212 1213 1214 1215 1216 1217 1220 1221 1222 1223 1224 1225 1226 1254 1255 1256 1257 1258 1259 1260 1262 1263 1264 1265 1266 1267 1268 1278 1279 1281 1286 1287 1288 1290 1291 1292 1293 1294 1299 1300 1301 1302 1303 1304 1383 1384 1388 1389 1390 1391 1392 1393 1394 1395 1409 1412 1413 1414 1415 1451 1452 1453 1454 1455 1456 1457 1458 1459 1460 1464 1465 1466 1467 1468 1469 1470 1471 1472 1474 1475 1480 1481 1482 1483 1484 1485 1486 1487 1506 1507 1509 1510 1513 1514 1515 1516 1517 1518 1519 1543 1818 1820 1821 1822 1823 1848 1850 2060 2063 2064 2066 2067 2068 2069 2070 2071 2074 2075 2076 2106 2107 2108 2109 2335 2336 2337 2338 2339 2340 2347 2348 2349 2350 2351 
== Tunnel cluster 9 ==
765 766 773 774 775 776 777 778 779 780 781 782 783 784 785 786 787 788 789 790 791 792 794 795 803 804 805 808 809 810 811 978 979 980 981 982 983 984 985 986 987 988 989 990 991 992 993 994 995 996 997 998 1002 1014 1015 1016 1017 1108 1109 1110 1111 1112 1113 1176 1178 1187 1188 1189 1190 1195 1196 1197 1198 1818 1820 1822 1823 1846 1848 1849 1850 2018 2019 2020 2033 2034 2035 2057 2058 2059 2060 2061 2064 2065 2068 2070 2071 2072 2073 2074 2075 2076 2077 2078 2079 2080 2081 2082 2083 2084 2086 2089 2090 2099 2100 2102 2103 2104 2105 2106 2107 2108 2109 2118 2119 2120 2121 2122 2123 2124 2125 2126 2127 2128 2131 2137 2144 2145 2146 2147 2148 2149 2150 2151 2152 2153 2154 2156 2157 2160 2161 2162 2163 2339 2340 
== Tunnel cluster 10 ==
238 239 240 241 242 243 244 245 246 247 248 249 250 251 252 253 254 255 256 257 258 259 260 261 262 263 265 300 303 304 324 325 326 327 328 329 334 335 336 337 338 339 765 766 773 774 775 776 777 778 779 780 781 782 783 784 785 786 787 788 789 790 791 792 794 795 803 804 805 808 809 810 811 982 983 984 987 988 989 1017 1111 1112 1113 1183 1184 1185 1186 1187 1188 1189 1190 1196 1197 1198 1225 1226 1355 1356 1361 1362 1363 1364 1365 1366 1367 1368 1369 1370 1371 1372 1383 1384 1388 1389 1390 1391 1392 1393 1394 1395 1396 1397 1398 1399 1400 1401 1408 1409 1412 1413 1414 1415 1452 1455 1456 1457 1515 1517 1518 1519 1603 1604 1605 1606 1607 1608 1610 1611 1612 1614 1615 1616 1617 1618 1619 1621 1622 1623 1624 1625 1654 1655 1656 1657 1665 1687 1690 1691 1692 1693 1694 1695 1696 1697 1726 1818 1820 1821 1822 1823 1848 1850 2060 2063 2064 2066 2067 2068 2069 2070 2071 2074 2075 2076 2106 2107 2108 2109 2332 2335 2336 2337 2338 2339 2340 2345 2346 2347 2348 2349 2350 2351 2362 2363 2368 2369 2370 2371 2372 2373 2374 2375 2376 2377 2378 2379 2397 2401 2402 2403 
